1 0.015847 0.118227 0.016681 0.137931
1 0.016264 0.384236 0.015847 0.137931
1 0.017098 0.628079 0.015847 0.133005
1 0.016264 0.869458 0.015847 0.142857
1 0.117181 0.118227 0.017515 0.137931
1 0.117181 0.384236 0.014178 0.137931
1 0.118432 0.628079 0.016681 0.142857
1 0.117181 0.864532 0.015847 0.142857
1 0.177648 0.118227 0.016681 0.137931
1 0.178065 0.381773 0.015847 0.142857
1 0.179733 0.630542 0.015847 0.137931
1 0.178065 0.866995 0.015847 0.137931
1 0.157631 0.381773 0.016681 0.142857
1 0.218515 0.115764 0.016681 0.142857
1 0.218098 0.384236 0.015847 0.137931
1 0.219766 0.630542 0.015847 0.137931
1 0.218098 0.866995 0.015847 0.147783
1 0.319433 0.118227 0.015013 0.137931
1 0.319016 0.384236 0.015847 0.137931
1 0.320684 0.628079 0.015847 0.142857
1 0.319850 0.864532 0.015847 0.142857
1 0.420767 0.115764 0.015847 0.142857
1 0.420350 0.384236 0.015013 0.137931
1 0.422018 0.630542 0.015013 0.137931
1 0.420767 0.869458 0.015847 0.142857
1 0.521685 0.118227 0.015847 0.137931
1 0.521685 0.384236 0.015847 0.137931
1 0.523770 0.628079 0.015013 0.142857
1 0.521685 0.864532 0.015847 0.142857
1 0.623019 0.115764 0.016681 0.142857
1 0.623019 0.384236 0.015013 0.137931
1 0.624687 0.628079 0.015013 0.133005
1 0.623019 0.866995 0.015013 0.137931
1 0.724354 0.118227 0.015847 0.137931
1 0.724354 0.384236 0.015847 0.137931
1 0.726022 0.630542 0.015847 0.137931
1 0.724354 0.866995 0.015847 0.137931
1 0.825271 0.118227 0.015847 0.137931
1 0.825271 0.384236 0.015847 0.137931
1 0.826939 0.630542 0.015847 0.137931
1 0.825271 0.866995 0.015847 0.137931
1 0.926188 0.118227 0.015847 0.137931
1 0.927023 0.384236 0.015847 0.137931
1 0.928274 0.630542 0.016681 0.137931
1 0.926606 0.866995 0.016681 0.137931
1 0.967056 0.118227 0.015847 0.137931
1 0.865721 0.384236 0.015013 0.137931
1 0.764387 0.384236 0.015847 0.137931
1 0.663470 0.384236 0.015847 0.137931
1 0.562552 0.384236 0.015847 0.137931
1 0.461218 0.384236 0.016681 0.137931
1 0.360300 0.384236 0.016681 0.137931
9 0.339867 0.118227 0.015847 0.137931
9 0.340284 0.384236 0.015013 0.137931
9 0.341535 0.630542 0.015847 0.137931
9 0.339450 0.866995 0.015013 0.137931
9 0.441201 0.118227 0.016681 0.137931
9 0.440784 0.384236 0.015847 0.137931
9 0.442869 0.630542 0.016681 0.137931
9 0.441618 0.864532 0.015847 0.142857
9 0.542118 0.115764 0.016681 0.133005
9 0.542118 0.381773 0.015013 0.142857
9 0.543786 0.630542 0.015013 0.137931
9 0.542118 0.866995 0.016681 0.137931
9 0.643036 0.118227 0.015013 0.137931
9 0.642619 0.384236 0.015847 0.137931
9 0.644704 0.630542 0.015013 0.137931
9 0.643036 0.864532 0.016681 0.142857
9 0.744370 0.115764 0.015847 0.133005
9 0.744370 0.384236 0.015847 0.137931
9 0.746038 0.630542 0.015847 0.137931
9 0.744370 0.866995 0.015847 0.137931
9 0.846122 0.118227 0.015847 0.137931
9 0.845705 0.384236 0.015013 0.137931
9 0.847373 0.630542 0.016681 0.137931
9 0.845288 0.866995 0.015847 0.137931
9 0.947039 0.118227 0.015847 0.137931
9 0.947039 0.386700 0.015847 0.142857
9 0.948290 0.628079 0.015013 0.133005
9 0.947039 0.869458 0.015847 0.142857
9 0.987073 0.118227 0.015847 0.137931
9 0.987073 0.384236 0.015847 0.137931
9 0.988741 0.628079 0.015847 0.133005
9 0.987073 0.866995 0.015847 0.137931
1 0.057131 0.384236 0.015847 0.137931
0 0.056297 0.118227 0.015847 0.137931
0 0.076314 0.118227 0.017515 0.137931
0 0.076314 0.384236 0.015847 0.137931
0 0.077982 0.630542 0.015847 0.137931
0 0.076731 0.869458 0.016681 0.142857
0 0.157631 0.118227 0.016681 0.137931
0 0.258549 0.120690 0.015013 0.142857
0 0.359466 0.118227 0.016681 0.137931
0 0.461218 0.120690 0.016681 0.133005
0 0.562135 0.115764 0.016681 0.142857
0 0.663053 0.118227 0.016681 0.137931
0 0.764387 0.118227 0.015847 0.137931
0 0.866138 0.118227 0.015847 0.137931
9 0.137615 0.118227 0.015013 0.137931
9 0.137615 0.381773 0.015013 0.133005
9 0.138866 0.630542 0.015847 0.137931
9 0.137198 0.866995 0.015847 0.137931
9 0.036280 0.864532 0.015847 0.133005
9 0.037948 0.628079 0.015847 0.133005
9 0.035863 0.384236 0.015013 0.137931
9 0.036697 0.118227 0.015013 0.137931
2 0.058382 0.633005 0.016681 0.142857
2 0.159299 0.628079 0.016681 0.133005
2 0.260634 0.630542 0.015847 0.137931
2 0.281068 0.628079 0.016681 0.142857
2 0.278982 0.386700 0.015847 0.133005
2 0.278982 0.115764 0.015847 0.133005
2 0.279817 0.866995 0.015847 0.137931
9 0.238532 0.384236 0.015013 0.137931
9 0.239783 0.630542 0.015847 0.137931
9 0.238532 0.869458 0.015013 0.142857
9 0.238949 0.115764 0.015847 0.142857
2 0.361551 0.628079 0.015847 0.133005
2 0.462469 0.628079 0.015847 0.133005
2 0.563386 0.628079 0.015847 0.133005
2 0.665138 0.628079 0.015847 0.133005
2 0.766055 0.630542 0.015847 0.137931
2 0.867389 0.630542 0.016681 0.137931
2 0.967056 0.384236 0.015847 0.137931
3 0.056714 0.864532 0.015013 0.133005
3 0.157631 0.866995 0.015013 0.137931
3 0.258966 0.866995 0.014178 0.137931
3 0.359466 0.866995 0.015013 0.137931
3 0.380317 0.866995 0.016681 0.137931
3 0.381985 0.630542 0.015013 0.137931
3 0.379900 0.381773 0.014178 0.133005
3 0.380317 0.118227 0.015013 0.137931
3 0.461635 0.866995 0.014178 0.137931
3 0.562552 0.866995 0.014178 0.147783
3 0.663053 0.864532 0.015013 0.133005
3 0.764804 0.869458 0.015013 0.142857
3 0.866138 0.869458 0.014178 0.142857
3 0.968724 0.630542 0.014178 0.137931
4 0.481651 0.118227 0.015847 0.137931
4 0.481234 0.384236 0.016681 0.137931
4 0.482902 0.630542 0.016681 0.137931
4 0.481234 0.866995 0.016681 0.137931
5 0.582986 0.118227 0.016681 0.137931
5 0.583403 0.384236 0.015847 0.137931
5 0.584237 0.633005 0.015847 0.142857
5 0.582986 0.869458 0.016681 0.142857
6 0.683903 0.115764 0.016681 0.142857
6 0.683486 0.384236 0.015847 0.137931
6 0.684737 0.628079 0.016681 0.133005
6 0.683486 0.864532 0.015847 0.133005
7 0.784821 0.118227 0.016681 0.137931
7 0.784404 0.381773 0.015847 0.133005
7 0.786489 0.628079 0.016681 0.133005
7 0.784821 0.869458 0.016681 0.142857
8 0.885738 0.118227 0.016681 0.137931
8 0.885321 0.386700 0.015847 0.133005
8 0.886989 0.630542 0.015847 0.137931
8 0.885738 0.869458 0.015013 0.142857